$ANSIBLE_VAULT;1.1;AES256
64613630626331626337613032336639653164393161616337336630386264316635626165613832
3630323461396135336437383936613061373038363664660a323532343137303133626265313037
63626631356464363932313335643131653130393035653266373566333338326561376433303135
3663653330626265320a626137373931306230386534616664656438653036396331326239623939
32373063616238626636393361346266613363396439636535633363303062323263663332643662
38383036623138653634316365366366306635623834663063666535623132393030373866623161
65376164396437326364333039326239313562346461366539393532323264346333323362346337
37326335333532313831666266633064633263633739383763333335376634636333393938336664
62633236323162626464393764346231613534363464653133613732663765666566633665336231
35316531653665353535386563343636393162666565626663366130643363333063646564623764
61383963363435623935383932653462373765646337613062373766633835636464613132326662
36336162383135386262636661386662396330353237363062343838303232373030306562356564
38646663306631336434333132396364326362323634383866306635356331303432363161353836
63623237633362343466356330363530323064386663326362313063383561373034393962613335
64653436313931646336343036323961386561316530303066326637363039626336633337363935
37306538373663383839653964613932653931636438333432316135303831383239633336363332
63343463343234633166353137323830643632663536313536313733623634333931306634356337
31646530393934653935663331306666306364393465316335616432623933333863386630326334
39663336333337623864386363373433633037343433336638653830636434326664633561303733
66656638633631313161613761326562383134356564353732323234653537383664346435633239
3465
